BW_up=48000
BW_down=48000
latency=41.000000
jitter_up=20.000000
jitter_down=20.000000
packet_length=1420
